Attribute Evaluator (supervised, Class (nominal): 38 class):
	Symmetrical Uncertainty Ranking Filter

Ranked attributes:
 0.11123   35 35
 0.10765   29 29
 0.0956    25 25
 0.09496   13 13
 0.09337    1 1
 0.09033   18 18
 0.08949   33 33
 0.08806   32 32
 0.08727   37 37
 0.08629   22 22
 0.08502   21 21
 0.07875    3 3
 0.07735   16 16
 0.07334   31 31
 0.07274   14 14
 0.07192   11 11
 0.07092    5 5
 0.06478   27 27
 0.06216   24 24
 0.06216   20 20
 0.06148    2 2
 0.0613     6 6
 0.05803   28 28
 0.05781    9 9
 0.05002    7 7
 0.04443    8 8
 0.04033   12 12
 0.02985   26 26
 0.02968    4 4
 0.02761   10 10
 0.02654   19 19
 0.02613   36 36
 0.02379   23 23
 0.01848   34 34
 0.01845   30 30
 0.00379   17 17
 0.00311   15 15

Selected attributes: 35,29,25,13,1,18,33,32,37,22,21,3,16,31,14,11,5,27,24,20,2,6,28,9,7,8,12,26,4,10,19,36,23,34,30,17,15 : 37