Attribute Evaluator (supervised, Class (nominal): 38 class):
	Information Gain Ranking Filter

Ranked attributes:
 0.0946    29 29
 0.09185   33 33
 0.09176   25 25
 0.08945   32 32
 0.08784   18 18
 0.08766   22 22
 0.08589   13 13
 0.08556   21 21
 0.08326   35 35
 0.08085    3 3
 0.07855   37 37
 0.07264    1 1
 0.07209    5 5
 0.07101   31 31
 0.06971   16 16
 0.06625   11 11
 0.06119   24 24
 0.06119   20 20
 0.05889   27 27
 0.0574     6 6
 0.05724    9 9
 0.05677   28 28
 0.05533    2 2
 0.04811    7 7
 0.04232   14 14
 0.0389     8 8
 0.03507   12 12
 0.02917   10 10
 0.0251    36 36
 0.02469   19 19
 0.02198   23 23
 0.01865   34 34
 0.01849   26 26
 0.012      4 4
 0.00824   30 30
 0.00124   17 17
 0.00121   15 15

Selected attributes: 29,33,25,32,18,22,13,21,35,3,37,1,5,31,16,11,24,20,27,6,9,28,2,7,14,8,12,10,36,19,23,34,26,4,30,17,15 : 37