Attribute Evaluator (supervised, Class (nominal): 38 class):
	Gain Ratio feature evaluator

Ranked attributes:
 0.07934   35 35
 0.07222   29 29
 0.06554    1 1
 0.06309   13 13
 0.06233   25 25
 0.05911   14 14
 0.05867   18 18
 0.05807   37 37
 0.05723   33 33
 0.05647   32 32
 0.05534   22 22
 0.05467   21 21
 0.05145   16 16
 0.05035    3 3
 0.0477    31 31
 0.0475    11 11
 0.04547    5 5
 0.04297   27 27
 0.04091    2 2
 0.04028    6 6
 0.04023   24 24
 0.04023   20 20
 0.03762   28 28
 0.03734    9 9
 0.03326    4 4
 0.0326     7 7
 0.02985    8 8
 0.02716   12 12
 0.02338   26 26
 0.0185    30 30
 0.01752   10 10
 0.01747   19 19
 0.01703   36 36
 0.0157    23 23
 0.01187   34 34
 0.006     17 17
 0.00367   15 15

Selected attributes: 35,29,1,13,25,14,18,37,33,32,22,21,16,3,31,11,5,27,2,6,24,20,28,9,4,7,8,12,26,30,10,19,36,23,34,17,15 : 37