Attribute Evaluator (supervised, Class (nominal): 38 class):
	OneR feature evaluator.

	Using 10 fold cross validation for evaluating attributes.
	Minimum bucket size for OneR: 6

Ranked attributes:
91.2651    1 1
91.2651    3 3
91.2651   18 18
91.2651   25 25
90.6627   15 15
90.6627   17 17
90.6627   16 16
90.6627   13 13
90.6627   14 14
90.6627   12 12
90.6627   20 20
90.6627    6 6
90.6627    2 2
90.6627    7 7
90.6627   10 10
90.6627    9 9
90.6627   36 36
90.6627   37 37
90.6627   21 21
90.6627   33 33
90.6627   32 32
90.6627   34 34
90.6627   22 22
90.6627   35 35
90.6627   31 31
90.6627   30 30
90.6627   19 19
90.6627   27 27
90.6627   23 23
90.6627   24 24
90.6627   28 28
90.3614    4 4
90.3614   26 26
90.0602    8 8
90.0602   29 29
89.4578    5 5
89.4578   11 11

Selected attributes: 1,3,18,25,15,17,16,13,14,12,20,6,2,7,10,9,36,37,21,33,32,34,22,35,31,30,19,27,23,24,28,4,26,8,29,5,11 : 37