Attribute Evaluator (supervised, Class (nominal): 38 class):
	ReliefF Ranking Filter
	Instances sampled: all
	Number of nearest neighbours (k): 10
	Exponentially decreasing (with distance) influence for
	nearest neighbours. Sigma: 2

Ranked attributes:
 0.307227   25 25
 0.300457   18 18
 0.270811   24 24
 0.270811   20 20
 0.263867   21 21
 0.258864   32 32
 0.25529    22 22
 0.225759   33 33
 0.217415    3 3
 0.206793   23 23
 0.193719   36 36
 0.189231   19 19
 0.174856    5 5
 0.160427   31 31
 0.159419   34 34
 0.140542   10 10
 0.127627   29 29
 0.125973   37 37
 0.118675   13 13
 0.107174    2 2
 0.102323    8 8
 0.10147    12 12
 0.099411   16 16
 0.091186   35 35
 0.085603   11 11
 0.064721    7 7
 0.056358    4 4
 0.048264   28 28
 0.047653    6 6
 0.043148    9 9
 0.042488   27 27
 0.029516   30 30
 0.021531    1 1
 0.013986   26 26
 0.008326   14 14
 0.000568   15 15
-0.006665   17 17

Selected attributes: 25,18,24,20,21,32,22,33,3,23,36,19,5,31,34,10,29,37,13,2,8,12,16,35,11,7,4,28,6,9,27,30,1,26,14,15,17 : 37